%YAML:1.0
Device  0:
   # flags: +fix_k3+fix_k4+fix_k5+fix_k6+zero_radial_dist+(stereo)fix_intrinsic
   flags: 14720
   cameraMatrix: !!opencv-matrix
      rows: 3
      cols: 3
      dt: d
      data: [ 1.0593795357560512e+03, 0., 9.6050571097192380e+02, 0.,
          1.0517019639845862e+03, 5.3009326483918142e+02, 0., 0., 1. ]
   distortionCoeffs: !!opencv-matrix
      rows: 5
      cols: 1
      dt: d
      data: [ 3.1243535623186672e-02, -1.5262607971236094e-02,
          9.7954354631152991e-04, -9.7236053928970861e-04, 0. ]
   # a set of 6-tuples (rotation vector + translation vector) for each view
   extrParams: !!opencv-matrix
      rows: 8
      cols: 6
      dt: d
      data: [ -8.8342211600816178e-01, 3.9961402039345034e-01,
          1.3046563198053505e+00, 7.7357256186764488e+01,
          -1.0772261423475645e+02, 6.6572623714449185e+02,
          -8.4478641178500236e-01, 2.4722275212874006e-01,
          6.4524301921158977e-01, -4.8730317382698821e+01,
          -1.2338748222576083e+02, 6.5777720610107201e+02,
          -8.4943183794476773e-01, -1.9871752550364406e-02,
          7.9554637518256879e-02, -9.9420648799938633e+01,
          -5.8230147071863442e+01, 5.6996561716394922e+02,
          -8.0516330653731183e-01, -2.8545287865147029e-01,
          -5.4588906919475588e-01, -1.0562021239422266e+02,
          -4.4225038692474019e+00, 5.0857847421312590e+02,
          -7.4930930164213216e-01, -4.5958766174896060e-01,
          -8.9003891658796419e-01, -4.4540755329872972e+01,
          3.0219352353992182e+01, 4.7109266820601056e+02,
          -6.3591972712080791e-01, -6.5471916772524608e-01,
          -1.3825881571978025e+00, 4.0753951574210085e+01,
          4.9097253952261852e+01, 4.5007933301231685e+02,
          -3.5017260660848717e-02, 1.6317791173821288e+00,
          2.6264764497007240e+00, 2.3143184830715029e+02,
          1.7010555362602028e+02, 4.5950285180444331e+02,
          -5.2981045061666676e-01, 1.0710083260490109e+00,
          2.1185797031158748e+00, 2.8489876589112265e+02,
          -6.4789531611601836e+00, 5.5840114492122666e+02 ]
   reprojErrs: !!opencv-matrix
      rows: 1
      cols: 8
      dt: f
      data: [ 1.28128394e-01, 1.25818044e-01, 1.56608120e-01,
          1.35700539e-01, 1.46574587e-01, 1.62025556e-01, 1.33409426e-01,
          1.23240575e-01 ]
   avgReprojErr: 1.3960236310958862e-01
   maxReprojErr: 4.7667157649993896e-01
   R: !!opencv-matrix
      rows: 3
      cols: 3
      dt: d
      data: [ 1., 0., 0., 0., 1., 0., 0., 0., 1. ]
   T: !!opencv-matrix
      rows: 3
      cols: 1
      dt: d
      data: [ 0., 0., 0. ]
   E: !!opencv-matrix
      rows: 3
      cols: 3
      dt: d
      data: [ 0., 0., 0., 0., 0., 0., 0., 0., 0. ]
   F: !!opencv-matrix
      rows: 3
      cols: 3
      dt: d
      data: [ 0., 0., 0., 0., 0., 0., 0., 0., 0. ]
Device  1:
   # flags: +fix_k3+fix_k4+fix_k5+fix_k6+zero_radial_dist+(stereo)fix_intrinsic
   flags: 14720
   cameraMatrix: !!opencv-matrix
      rows: 3
      cols: 3
      dt: d
      data: [ 3.6333221067007554e+02, 0., 2.3589545693373114e+02, 0.,
          2.1373413758257163e+02, 1.3709023702090875e+02, 0., 0., 1. ]
   distortionCoeffs: !!opencv-matrix
      rows: 5
      cols: 1
      dt: d
      data: [ -5.3617844919504491e-02, -8.0731497213068493e-02,
          1.3761482214309478e-01, -1.3504764659878930e-02, 0. ]
   # a set of 6-tuples (rotation vector + translation vector) for each view
   extrParams: !!opencv-matrix
      rows: 8
      cols: 6
      dt: d
      data: [ -9.1795714260899441e-01, 2.5699330176810292e-01,
          1.4006284468413224e+00, 6.4316578169129613e+01,
          4.7759114863225328e+01, 6.7008460371772173e+02,
          -6.4300241811519676e-01, 1.8865230811878550e-01,
          6.9704233917178615e-01, -5.9276995517662961e+01,
          1.4410332293560970e+01, 6.6526615276843165e+02,
          -6.7666450087765284e-01, 8.0091350871246809e-04,
          1.0789383107559690e-01, -1.1493664662371761e+02,
          9.4159444835059702e+01, 5.9612498747650079e+02,
          -6.1041297843899456e-01, -1.5257720163516819e-01,
          -5.4861654694347628e-01, -1.2448256612246787e+02,
          1.6061671482430344e+02, 5.5118320921530710e+02,
          -6.4893452437363541e-01, -3.6343774715497479e-01,
          -8.8922225498128971e-01, -6.5234162806218606e+01,
          1.9866788246835392e+02, 5.1041015828777284e+02,
          -6.2076474540349558e-01, -4.3402996034415242e-01,
          -1.4075624219024800e+00, 1.7300718653040619e+01,
          2.1921320940593520e+02, 4.9489343816898543e+02,
          8.5690319433128034e-02, 1.7623596374819082e+00,
          2.5398753130705258e+00, 2.1217751997077102e+02,
          3.9210078504658071e+02, 5.0504327280907137e+02,
          -4.8038152705549458e-01, 1.1477096265955615e+00,
          2.1059193607141684e+00, 2.6661361923974277e+02,
          1.6165707202006746e+02, 5.8300538258387667e+02 ]
   reprojErrs: !!opencv-matrix
      rows: 1
      cols: 8
      dt: f
      data: [ 3.20112133e+00, 1.27584696e+00, 6.64905190e-01,
          7.77261555e-01, 3.14474058e+00, 3.27745771e+00, 7.35329747e-01,
          3.87697649e+00 ]
   avgReprojErr: 2.4780030250549316e+00
   maxReprojErr: 1.0115911483764648e+01
   R: !!opencv-matrix
      rows: 3
      cols: 3
      dt: d
      data: [ 9.9904790924717823e-01, -1.1975851404841300e-02,
          4.1950613964173614e-02, 8.7490618717298487e-03,
          9.9704845320789603e-01, 7.6274739410281914e-02,
          -4.2740249709221412e-02, -7.5835090419085885e-02,
          9.9620395006038920e-01 ]
   T: !!opencv-matrix
      rows: 3
      cols: 1
      dt: d
      data: [ -4.2768325146763189e+01, 1.2211459325204849e+02,
          1.3214470861754981e+01 ]
   E: !!opencv-matrix
      rows: 3
      cols: 3
      dt: d
      data: [ -5.3348224319042226e+00, -2.2436038953432607e+01,
          1.2064310983628333e+02, 1.1373960589826238e+01,
          -3.4015943440116336e+00, 4.3160329614534866e+01,
          -1.2237251179988792e+02, -4.1179666210723433e+01,
          -8.3849250164923355e+00 ]
   F: !!opencv-matrix
      rows: 3
      cols: 3
      dt: d
      data: [ -1.1229052131020485e-06, -4.7569458659848240e-06,
          3.0501727413201580e-02, 4.0697230571325931e-06,
          -1.2260115248330195e-06, 1.3101140651567440e-02,
          -9.6516314870420429e-03, -1.8820436667251123e-03, 1. ]
